           1  -5.00000000      -8.4540750831365585E-003
           1  5.000000      -8.4540750831365585E-003
 
 
           2  -5.00000000      -6.1760167591273785E-003
           2  5.000000      -6.1760167591273785E-003
 
 
           3  -5.00000000      -5.6754127144813538E-003
           3  5.000000      -5.6754127144813538E-003
 
 
           4  -5.00000000      -4.3583586812019348E-003
           4  5.000000      -4.3583586812019348E-003
 
 
           5  -5.00000000      -3.8983360864222050E-003
           5  5.000000      -3.8983360864222050E-003
 
 
           6  -5.00000000      -3.3979285508394241E-003
           6  5.000000      -3.3979285508394241E-003
 
 
           7  -5.00000000      -2.0832342561334372E-003
           7  5.000000      -2.0832342561334372E-003
 
 
           8  -5.00000000      -1.6215757932513952E-003
           8  5.000000      -1.6215757932513952E-003
 
 
           9  -5.00000000      -1.5830940101295710E-003
           9  5.000000      -1.5830940101295710E-003
 
 
          10  -5.00000000      -1.1214674450457096E-003
          10  5.000000      -1.1214674450457096E-003
 
 
          11  -5.00000000      -2.6262822211720049E-004
          11  5.000000      -2.6262822211720049E-004
 
 
          12  -5.00000000       1.8920130969490856E-004
          12  5.000000       1.8920130969490856E-004
 
 
          13  -5.00000000       6.4620299963280559E-004
          13  5.000000       6.4620299963280559E-004
 
 
          14  -5.00000000       6.9628644268959761E-004
          14  5.000000       6.9628644268959761E-004
 
 
          15  -5.00000000       1.1524662841111422E-003
          15  5.000000       1.1524662841111422E-003
 
 
